 [Guild.738082163735527556.member.680999008176701490
 [Guild.738082163735527556.member.680999008176701490] botinfo <>
 [Guild.738082163735527556.member.680999008176701490] ds <>
 [Guild.738082163735527556.member.680999008176701490] help <bot-info>
 [Guild.738082163735527556.member.680999008176701490] servers <>
 [Guild.738082163735527556.member.705219451662106704] servers <>
 [Guild.738082163735527556.member.680999008176701490] help <bot-info>
 [Guild.738082163735527556.member.680999008176701490] creditws <>
 [Guild.738082163735527556.member.680999008176701490] crefits <>
 [Guild.738082163735527556.member.680999008176701490] credits <>
 [Guild.738082163735527556.member.680999008176701490
 [Guild.738082163735527556.member.680999008176701490] help <owner>
 [Guild.738082163735527556.member.680999008176701490] help <Owner>
 [Guild.738082163735527556.member.680999008176701490] server <>
 [Guild.738082163735527556.member.680999008176701490] help <server>
 [Guild.738082163735527556.member.680999008176701490] announce <Penis>
 [Guild.The Boys.member.680999008176701490] channels <>
 [Guild.738082163735527556.member.680999008176701490] opt-in <>
 [Guild.738082163735527556.member.680999008176701490
 [Guild.738082163735527556.member.705219451662106704
 [Guild.738082163735527556.member.680999008176701490] help <server>
680999008176701490
680999008176701490
672972562451660810
680999008176701490
672972562451660810
754057816498503782
680999008176701490
672972562451660810
754057816498503782
725183471034826752
680999008176701490
672972562451660810
725183471034826752
754057816498503782
779459302427197480
680999008176701490
672972562451660810
754057816498503782
725183471034826752
779461637668339742
779459302427197480
680999008176701490
672972562451660810
725183471034826752
754057816498503782
779461637668339742
779459302427197480
724791676278800456
680999008176701490
672972562451660810
725183471034826752
754057816498503782
779459302427197480
779461637668339742
724791676278800456
680999008176701490
779508390258671637
672972562451660810
725183471034826752
754057816498503782
779459302427197480
779461637668339742
724791676278800456
680999008176701490
779508390258671637
754057816498503782
725183471034826752
779461637668339742
779459302427197480
724791676278800456
779508390258671637
672972562451660810
779461637668339742
754057816498503782
725183471034826752
779459302427197480
724791676278800456
779508390258671637
672972562451660810
725183471034826752
779461637668339742
754057816498503782
779459302427197480
724791676278800456
680999008176701490
779508390258671637
672972562451660810
725183471034826752
779459302427197480
724791676278800456
680999008176701490
779461637668339742
779508390258671637
672972562451660810
779459302427197480
754057816498503782
724791676278800456
779508390258671637
680999008176701490
779461637668339742
725183471034826752
672972562451660810
754057816498503782
724791676278800456
779508390258671637
680999008176701490
779461637668339742
725183471034826752
672972562451660810
754057816498503782
724791676278800456
680999008176701490
779508390258671637
779459302427197480
725183471034826752
672972562451660810
754057816498503782
680999008176701490
779461637668339742
779508390258671637
779459302427197480
725183471034826752
672972562451660810
724791676278800456
754057816498503782
680999008176701490
779461637668339742
779459302427197480
725183471034826752
672972562451660810
724791676278800456
754057816498503782
680999008176701490
779508390258671637
779459302427197480
779461637668339742
725183471034826752
672972562451660810
724791676278800456
754057816498503782
680999008176701490
779508390258671637
779461637668339742
725183471034826752
672972562451660810
724791676278800456
754057816498503782
779459302427197480
680999008176701490
779508390258671637
779461637668339742
725183471034826752
724791676278800456
672972562451660810
754057816498503782
779459302427197480
779508390258671637
779461637668339742
725183471034826752
724791676278800456
754057816498503782
680999008176701490
779459302427197480
779508390258671637
779461637668339742
725183471034826752
724791676278800456
672972562451660810
680999008176701490
724791676278800456
754057816498503782
779508390258671637
779459302427197480
779461637668339742
725183471034826752
724791676278800456
680999008176701490
779459302427197480
779508390258671637
779461637668339742
672972562451660810
724791676278800456
680999008176701490
779459302427197480
779508390258671637
779461637668339742
672972562451660810
724791676278800456
754057816498503782
680999008176701490
779459302427197480
779508390258671637
725183471034826752
779461637668339742
672972562451660810
724791676278800456
754057816498503782
680999008176701490
779508390258671637
725183471034826752
672972562451660810
724791676278800456
754057816498503782
680999008176701490
779508390258671637
725183471034826752
672972562451660810
754057816498503782
779459302427197480
680999008176701490
779508390258671637
725183471034826752
779461637668339742
672972562451660810
754057816498503782
779459302427197480
680999008176701490











